MAE: 0.12657569682651174
PSNR: 16.325858963267077
SSIM: 0.26732309552624695
