MAE: 0.11130852485121652
PSNR: 16.155633153286203
SSIM: 0.29572828235721255
